 Au         1.6649000000        0.0000000000        0.0000000000
 Au         6.6598000000        0.0000000000        0.0000000000
 Au         4.1623000000        1.4419000000        0.0000000000
 Au         9.1572000000        1.4419000000        0.0000000000
 Au         6.6598000000        2.8838000000        0.0000000000
 Au        11.6546000000        2.8838000000        0.0000000000
 Au         4.1623000000        4.3256000000        0.0000000000
 Au         9.1572000000        4.3256000000        0.0000000000
 Au         6.6598000000        5.7675000000        0.0000000000
 Au        11.6546000000        5.7675000000        0.0000000000
 Au         9.1572000000        7.2094000000        0.0000000000
 Au        14.1520000000        7.2094000000        0.0000000000
 Au         3.3299000000        0.0000000000        2.3546000000
 Au         8.3247000000        0.0000000000        2.3546000000
 Au         5.8273000000        1.4419000000        2.3546000000
 Au        10.8221000000        1.4419000000        2.3546000000
 Au         8.3247000000        2.8838000000        2.3546000000
 Au        13.3195000000        2.8838000000        2.3546000000
 Au         5.8273000000        4.3256000000        2.3546000000
 Au        10.8221000000        4.3256000000        2.3546000000
 Au         8.3247000000        5.7675000000        2.3546000000
 Au        13.3195000000        5.7675000000        2.3546000000
 Au        10.8221000000        7.2094000000        2.3546000000
 Au        15.8169000000        7.2094000000        2.3546000000
 Au         0.0000000000        0.0000000000        4.7091000000
 Au         4.9948000000        0.0000000000        4.7091000000
 Au         2.4974000000        1.4419000000        4.7091000000
 Au         7.4922000000        1.4419000000        4.7091000000
 Au         4.9948000000        2.8838000000        4.7091000000
 Au         9.9896000000        2.8838000000        4.7091000000
 Au         2.4974000000        4.3256000000        4.7091000000
 Au         7.4922000000        4.3256000000        4.7091000000
 Au         4.9948000000        5.7675000000        4.7091000000
 Au         9.9896000000        5.7675000000        4.7091000000
 Au         7.4922000000        7.2094000000        4.7091000000
 Au        12.4870000000        7.2094000000        4.7091000000